46  53  29
59  44  24
31  12  28
24  37  20
52  48  23
25  58  24
5  20  23
12  49  31
15  28  21
36  38  30
11  18  14
57  21  17
43  46  14
51  13  31
16  15  12
19  27  26
30  52  25
41  44  12
21  38  16
33  33  29
23  28  24
27  6  32
26  13  25
17  26  24
27  15  12
21  54  26
31  52  22
36  17  21
23  55  28
53  21  29
51  34  9
51  14  26
35  29  21
13  53  21
29  40  14
34  13  14
5  44  30
14  34  28
10  37  22
62  27  23
8  47  23
54  43  17
61  31  29
29  35  21
34  60  30
29  60  23
48  16  14
17  21  20
30  16  21
54  23  18
52  46  24
37  57  22
51  24  8
28  52  22
23  46  15
27  32  4
38  30  31
23  57  19
36  11  18
39  22  30
31  9  21
48  21  21
11  26  31
43  25  26
60  31  31
23  39  31
48  31  19
35  51  12
31  45  20
30  38  14
3  29  26
50  6  28
48  47  24
34  38  3
13  20  20
32  53  25
42  19  32
30  56  13
8  32  26
22  23  15
26  57  25
8  37  24
50  26  18
32  34  31
36  42  13
36  28  28
36  22  5
49  28  25
57  42  29
44  20  29
34  38  6
22  46  8
28  29  9
44  10  25
19  27  12
20  54  18
32  4  32
19  9  23
43  46  19
63  31  30
16  47  21
43  12  21
26  25  8
29  39  18
7  41  24
30  23  19
38  46  4
46  39  21
24  40  17
35  53  28
32  48  32
40  43  19
29  47  7
47  30  25
44  20  28
43  5  29
17  9  23
41  59  28
33  23  5
33  35  25
43  14  22
32  55  29
36  49  19
35  26  3
27  49  30
23  26  17
12  17  29
20  29  11
37  13  19
26  7  19
28  29  7
35  36  19
38  35  12
38  48  17
16  51  23
14  50  13
32  49  20
51  47  27
10  29  22
4  27  26
30  5  22
50  37  27
51  8  27
8  37  30
33  25  14
28  58  28
52  35  18
6  49  26
53  24  19
28  20  8
42  55  24
56  22  15
35  33  20
46  25  23
40  30  16
7  18  18
36  3  27
12  53  21
16  8  28
6  29  29
29  58  24
25  25  30
13  18  14
48  41  28
27  3  27
61  39  27
26  10  31
33  48  15
11  19  30
21  19  27
29  26  27
54  31  10
23  60  31
37  54  17
49  14  13
31  62  32
46  41  12
51  11  21
35  53  29
55  26  24
38  58  19
44  50  13
12  46  14
24  57  14
3  24  32
62  24  30
31  11  9
24  30  25
34  34  12
39  37  7
55  44  28
9  46  27
35  35  29
43  27  31
46  6  21
32  23  32
38  15  25
16  21  22
14  21  32
39  59  19
